-0.9921875	-9.497505e-07
-0.9765625	-1.680257e-06
-0.9609375	-1.889641e-06
-0.9453125	-2.03753e-06
-0.9296875	-2.230564e-06
-0.9140625	-2.49716e-06
-0.8984375	-2.861647e-06
-0.8828125	-3.357668e-06
-0.8671875	-4.03372e-06
-0.8515625	-4.959546e-06
-0.8359375	-6.235392e-06
-0.8203125	-8.016512e-06
-0.8046875	-1.068865e-05
-0.7890625	-1.641579e-05
-0.7734375	-4.328793e-05
-0.7578125	-0.0001724547
-0.7421875	-0.0004960318
-0.7265625	-0.0005948576
-0.7109375	-0.0006000922
-0.6953125	-0.0005872548
-0.6796875	-0.0005726023
-0.6640625	-0.00055819
-0.6484375	-0.000544124
-0.6328125	-0.0005303267
-0.6171875	-0.0005167254
-0.6015625	-0.0005032656
-0.5859375	-0.0004899083
-0.5703125	-0.0004766257
-0.5546875	-0.0004633982
-0.5390625	-0.0004502118
-0.5234375	-0.0004370566
-0.5078125	-0.0004239254
-0.4921875	-0.0004108127
-0.4765625	-0.0003977149
-0.4609375	-0.0003846289
-0.4453125	-0.0003715525
-0.4296875	-0.0003584839
-0.4140625	-0.000345422
-0.3984375	-0.0003323655
-0.3828125	-0.0003193136
-0.3671875	-0.0003062658
-0.3515625	-0.0002932213
-0.3359375	-0.0002801798
-0.3203125	-0.0002671409
-0.3046875	-0.0002541042
-0.2890625	-0.0002410695
-0.2734375	-0.0002280366
-0.2578125	-0.0002150052
-0.2421875	-0.0002019753
-0.2265625	-0.0001889466
-0.2109375	-0.0001759191
-0.1953125	-0.0001628926
-0.1796875	-0.000149867
-0.1640625	-0.0001368423
-0.1484375	-0.0001238183
-0.1328125	-0.0001107951
-0.1171875	-9.77725e-05
-0.1015625	-8.47505e-05
-0.0859375	-7.172903e-05
-0.0703125	-5.870805e-05
-0.0546875	-4.568753e-05
-0.0390625	-3.266741e-05
-0.0234375	-1.964766e-05
-0.0078125	-6.628255e-06
0.0078125	6.390849e-06
0.0234375	1.940968e-05
0.0390625	3.242826e-05
0.0546875	4.544662e-05
0.0703125	5.846478e-05
0.0859375	7.148278e-05
0.1015625	8.450062e-05
0.1171875	9.751832e-05
0.1328125	0.0001105359
0.1484375	0.0001235534
0.1640625	0.0001365708
0.1796875	0.0001495882
0.1953125	0.0001626055
0.2109375	0.0001756228
0.2265625	0.00018864
0.2421875	0.0002016572
0.2578125	0.0002146745
0.2734375	0.0002276917
0.2890625	0.000240709
0.3046875	0.0002537264
0.3203125	0.0002667438
0.3359375	0.0002797613
0.3515625	0.0002927789
0.3671875	0.0003057967
0.3828125	0.0003188147
0.3984375	0.0003318329
0.4140625	0.0003448515
0.4296875	0.0003578704
0.4453125	0.0003708899
0.4609375	0.00038391
0.4765625	0.0003969309
0.4921875	0.0004099529
0.5078125	0.0004229763
0.5234375	0.0004360015
0.5390625	0.0004490292
0.5546875	0.0004620603
0.5703125	0.0004750961
0.5859375	0.0004881385
0.6015625	0.0005011902
0.6171875	0.0005142555
0.6328125	0.0005273399
0.6484375	0.0005404516
0.6640625	0.0005535997
0.6796875	0.0005667847
0.6953125	0.0005798996
0.7109375	0.0005918373
0.7265625	0.0005940464
0.7421875	0.0005430938
0.7578125	0.0003287835
0.7734375	6.058805e-05
0.7890625	-5.918716e-05
0.8046875	-2.607568e-05
0.8203125	-5.755467e-06
0.8359375	-1.320874e-06
0.8515625	-5.218054e-07
0.8671875	-2.88298e-07
0.8828125	-1.662191e-07
0.8984375	-8.923857e-08
0.9140625	-3.916556e-08
0.9296875	-6.474673e-09
0.9453125	1.472237e-08
0.9609375	2.78762e-08
0.9765625	3.310101e-08
0.9921875	2.134959e-08
