-0.9921875	-2.286898e-06
-0.9765625	-6.624822e-06
-0.9609375	-1.121006e-05
-0.9453125	-1.559581e-05
-0.9296875	-2.021672e-05
-0.9140625	-2.463993e-05
-0.8984375	-2.93282e-05
-0.8828125	-3.384669e-05
-0.8671875	-3.863606e-05
-0.8515625	-4.325076e-05
-0.8359375	-4.811853e-05
-0.8203125	-5.275356e-05
-0.8046875	-5.767303e-05
-0.7890625	-6.279119e-05
-0.7734375	-0.007720882
-0.7578125	-0.007666496
-0.7421875	0.0002574605
-0.7265625	0.0002525102
-0.7109375	0.0002463904
-0.6953125	0.0002407901
-0.6796875	0.0002350758
-0.6640625	0.0002297049
-0.6484375	0.0002240412
-0.6328125	0.0002186459
-0.6171875	0.0002129595
-0.6015625	0.0002075651
-0.5859375	0.0002018758
-0.5703125	0.0001964682
-0.5546875	0.0001907872
-0.5390625	0.0001854052
-0.5234375	0.0001797411
-0.5078125	0.0001743613
-0.4921875	0.0001687154
-0.4765625	0.0001633695
-0.4609375	0.0001577461
-0.4453125	0.0001524068
-0.4296875	0.0001468056
-0.4140625	0.000141503
-0.3984375	0.000135927
-0.3828125	0.0001306339
-0.3671875	0.0001250821
-0.3515625	0.0001198271
-0.3359375	0.0001143011
-0.3203125	0.0001090557
-0.3046875	0.0001035538
-0.2890625	9.834531e-05
-0.2734375	9.286798e-05
-0.2578125	8.766827e-05
-0.2421875	8.221332e-05
-0.2265625	7.70484e-05
-0.2109375	7.16152e-05
-0.1953125	6.64558e-05
-0.1796875	6.104159e-05
-0.1640625	5.591258e-05
-0.1484375	5.051575e-05
-0.1328125	4.538852e-05
-0.1171875	4.000596e-05
-0.1015625	3.490444e-05
-0.0859375	2.953375e-05
-0.0703125	2.442827e-05
-0.0546875	1.906606e-05
-0.0390625	1.397988e-05
-0.0234375	8.623178e-06
-0.0078125	3.52748e-06
0.0078125	-1.827101e-06
0.0234375	-6.909467e-06
0.0390625	-1.226522e-05
0.0546875	-1.736382e-05
0.0703125	-2.272396e-05
0.0859375	-2.781605e-05
0.1015625	-3.318393e-05
0.1171875	-3.829783e-05
0.1328125	-4.367617e-05
0.1484375	-4.878905e-05
0.1640625	-5.418109e-05
0.1796875	-5.932158e-05
0.1953125	-6.472936e-05
0.2109375	-6.987424e-05
0.2265625	-7.530063e-05
0.2421875	-8.047699e-05
0.2578125	-8.592315e-05
0.2734375	-9.110723e-05
0.2890625	-9.65756e-05
0.3046875	-0.0001017946
0.3203125	-0.0001072853
0.3359375	-0.0001125147
0.3515625	-0.0001180297
0.3671875	-0.0001232949
0.3828125	-0.0001288331
0.3984375	-0.0001341092
0.4140625	-0.0001396718
0.4296875	-0.0001449839
0.4453125	-0.000150569
0.4609375	-0.0001558912
0.4765625	-0.0001614992
0.4921875	-0.0001668548
0.5078125	-0.0001724824
0.5234375	-0.0001778443
0.5390625	-0.0001834913
0.5546875	-0.0001888822
0.5703125	-0.0001945434
0.5859375	-0.0001999339
0.6015625	-0.0002056046
0.6171875	-0.0002110103
0.6328125	-0.0002166749
0.6484375	-0.0002220531
0.6640625	-0.0002276977
0.6796875	-0.0002330765
0.6953125	-0.0002387655
0.7109375	-0.000244349
0.7265625	-0.0002504785
0.7421875	-0.0002555578
0.7578125	0.007666989
0.7734375	0.007721078
0.7890625	6.278121e-05
0.8046875	5.770051e-05
0.8203125	5.275345e-05
0.8359375	4.811599e-05
0.8515625	4.325207e-05
0.8671875	3.863483e-05
0.8828125	3.38416e-05
0.8984375	2.933686e-05
0.9140625	2.464733e-05
0.9296875	2.021522e-05
0.9453125	1.559313e-05
0.9609375	1.122026e-05
0.9765625	6.635086e-06
0.9921875	2.288721e-06
