-0.9921875	-7.400819e-07
-0.9765625	-2.235757e-06
-0.9609375	-3.783618e-06
-0.9453125	-5.42136e-06
-0.9296875	-7.196e-06
-0.9140625	-9.158471e-06
-0.8984375	-1.137647e-05
-0.8828125	-1.392255e-05
-0.8671875	-1.688513e-05
-0.8515625	-2.033715e-05
-0.8359375	-2.431068e-05
-0.8203125	-2.866662e-05
-0.8046875	-3.282733e-05
-0.7890625	-3.498849e-05
-0.7734375	-2.977051e-05
-0.7578125	3.657079e-07
-0.7421875	-0.0006061062
-0.7265625	-0.0005878155
-0.7109375	-0.0005753643
-0.6953125	-0.0005647244
-0.6796875	-0.0005541682
-0.6640625	-0.0005432722
-0.6484375	-0.0005320242
-0.6328125	-0.0005205423
-0.6171875	-0.0005088809
-0.6015625	-0.0004971093
-0.5859375	-0.0004852234
-0.5703125	-0.0004732574
-0.5546875	-0.000461192
-0.5390625	-0.0004490568
-0.5234375	-0.0004368318
-0.5078125	-0.0004245462
-0.4921875	-0.000412182
-0.4765625	-0.0003997689
-0.4609375	-0.0003872882
-0.4453125	-0.0003747677
-0.4296875	-0.0003621888
-0.4140625	-0.0003495786
-0.3984375	-0.0003369173
-0.3828125	-0.0003242302
-0.3671875	-0.0003114977
-0.3515625	-0.000298745
-0.3359375	-0.0002859517
-0.3203125	-0.0002731418
-0.3046875	-0.0002602953
-0.2890625	-0.0002474364
-0.2734375	-0.0002345447
-0.2578125	-0.0002216432
-0.2421875	-0.0002087122
-0.2265625	-0.0001957749
-0.2109375	-0.0001828109
-0.1953125	-0.0001698425
-0.1796875	-0.0001568501
-0.1640625	-0.000143856
-0.1484375	-0.0001308403
-0.1328125	-0.0001178241
-0.1171875	-0.0001047883
-0.1015625	-9.175421e-05
-0.0859375	-7.870217e-05
-0.0703125	-6.56525e-05
-0.0546875	-5.25863e-05
-0.0390625	-3.952403e-05
-0.0234375	-2.644639e-05
-0.0078125	-1.337278e-05
0.0078125	-2.846568e-07
0.0234375	1.279846e-05
0.0390625	2.589548e-05
0.0546875	3.898795e-05
0.0703125	5.209402e-05
0.0859375	6.519513e-05
0.1015625	7.830978e-05
0.1171875	9.142041e-05
0.1328125	0.0001045448
0.1484375	0.0001176652
0.1640625	0.0001307997
0.1796875	0.0001439317
0.1953125	0.0001570784
0.2109375	0.0001702229
0.2265625	0.0001833829
0.2421875	0.0001965422
0.2578125	0.0002097178
0.2734375	0.0002228933
0.2890625	0.0002360856
0.3046875	0.0002492793
0.3203125	0.0002624904
0.3359375	0.000275703
0.3515625	0.0002889333
0.3671875	0.0003021661
0.3828125	0.0003154166
0.3984375	0.0003286695
0.4140625	0.0003419401
0.4296875	0.0003552142
0.4453125	0.0003685066
0.4609375	0.0003818035
0.4765625	0.0003951204
0.4921875	0.0004084448
0.5078125	0.0004217924
0.5234375	0.0004351509
0.5390625	0.0004485362
0.5546875	0.0004619359
0.5703125	0.0004753632
0.5859375	0.0004888015
0.6015625	0.0005022578
0.6171875	0.0005157081
0.6328125	0.000529145
0.6484375	0.0005425297
0.6640625	0.0005558313
0.6796875	0.0005689867
0.6953125	0.0005819279
0.7109375	0.0005945647
0.7265625	0.0006068148
0.7421875	0.0006185744
0.7578125	0.0005133005
0.7734375	0.0003180972
0.7890625	0.0001470908
0.8046875	-1.923027e-07
0.8203125	1.919331e-07
0.8359375	2.304566e-07
0.8515625	1.527221e-07
0.8671875	4.866406e-08
0.8828125	-3.992311e-08
0.8984375	-1.001331e-07
0.9140625	-1.29901e-07
0.9296875	-1.348247e-07
0.9453125	-1.206695e-07
0.9609375	-9.385272e-08
0.9765625	-5.901705e-08
0.9921875	-2.006663e-08
