-0.9921875	-5.331806e-07
-0.9765625	-1.31129e-06
-0.9609375	-1.702782e-06
-0.9453125	-1.910539e-06
-0.9296875	-2.093249e-06
-0.9140625	-2.323486e-06
-0.8984375	-2.637055e-06
-0.8828125	-3.067009e-06
-0.8671875	-3.657604e-06
-0.8515625	-4.484416e-06
-0.8359375	-5.727115e-06
-0.8203125	-8.04184e-06
-0.8046875	-1.408726e-05
-0.7890625	-3.312165e-05
-0.7734375	-0.000102238
-0.7578125	-0.0002695073
-0.7421875	-0.0004529299
-0.7265625	-0.000542761
-0.7109375	-0.0005792748
-0.6953125	-0.0005812429
-0.6796875	-0.0005708303
-0.6640625	-0.0005574413
-0.6484375	-0.0005436596
-0.6328125	-0.0005299862
-0.6171875	-0.0005164625
-0.6015625	-0.0005030583
-0.5859375	-0.0004897421
-0.5703125	-0.0004764907
-0.5546875	-0.000463287
-0.5390625	-0.0004501192
-0.5234375	-0.0004369786
-0.5078125	-0.000423859
-0.4921875	-0.0004107557
-0.4765625	-0.0003976655
-0.4609375	-0.0003845858
-0.4453125	-0.0003715146
-0.4296875	-0.0003584504
-0.4140625	-0.0003453922
-0.3984375	-0.0003323388
-0.3828125	-0.0003192896
-0.3671875	-0.0003062441
-0.3515625	-0.0002932016
-0.3359375	-0.0002801618
-0.3203125	-0.0002671244
-0.3046875	-0.000254089
-0.2890625	-0.0002410555
-0.2734375	-0.0002280237
-0.2578125	-0.0002149932
-0.2421875	-0.0002019641
-0.2265625	-0.0001889362
-0.2109375	-0.0001759093
-0.1953125	-0.0001628833
-0.1796875	-0.0001498583
-0.1640625	-0.000136834
-0.1484375	-0.0001238104
-0.1328125	-0.0001107875
-0.1171875	-9.776523e-05
-0.1015625	-8.474348e-05
-0.0859375	-7.172221e-05
-0.0703125	-5.87014e-05
-0.0546875	-4.568099e-05
-0.0390625	-3.266095e-05
-0.0234375	-1.964125e-05
-0.0078125	-6.621842e-06
0.0078125	6.397301e-06
0.0234375	1.94162e-05
0.0390625	3.24349e-05
0.0546875	4.54534e-05
0.0703125	5.847176e-05
0.0859375	7.148997e-05
0.1015625	8.450807e-05
0.1171875	9.752607e-05
0.1328125	0.000110544
0.1484375	0.0001235619
0.1640625	0.0001365797
0.1796875	0.0001495975
0.1953125	0.0001626153
0.2109375	0.0001756331
0.2265625	0.0001886509
0.2421875	0.0002016687
0.2578125	0.0002146866
0.2734375	0.0002277045
0.2890625	0.0002407225
0.3046875	0.0002537406
0.3203125	0.0002667588
0.3359375	0.0002797771
0.3515625	0.0002927955
0.3671875	0.0003058141
0.3828125	0.0003188329
0.3984375	0.0003318519
0.4140625	0.0003448713
0.4296875	0.000357891
0.4453125	0.0003709111
0.4609375	0.0003839318
0.4765625	0.0003969531
0.4921875	0.0004099753
0.5078125	0.0004229986
0.5234375	0.0004360233
0.5390625	0.00044905
0.5546875	0.0004620794
0.5703125	0.0004751123
0.5859375	0.0004881504
0.6015625	0.0005011959
0.6171875	0.0005142518
0.6328125	0.0005273218
0.6484375	0.0005404037
0.6640625	0.0005534493
0.6796875	0.0005661422
0.6953125	0.0005769281
0.7109375	0.0005799043
0.7265625	0.0005592053
0.7421875	0.0004927643
0.7578125	0.0003285811
0.7734375	0.0001287395
0.7890625	1.32829e-05
0.8046875	-1.514038e-05
0.8203125	-1.05057e-05
0.8359375	-4.128038e-06
0.8515625	-1.347531e-06
0.8671875	-4.686025e-07
0.8828125	-1.986086e-07
0.8984375	-9.2841e-08
0.9140625	-3.720464e-08
0.9296875	-3.492832e-09
0.9453125	1.71196e-08
0.9609375	2.759006e-08
0.9765625	2.68808e-08
0.9921875	1.208007e-08
