-0.9921875	1.361334e-07
-0.9765625	4.501091e-07
-0.9609375	7.462826e-07
-0.9453125	1.017738e-06
-0.9296875	1.245818e-06
-0.9140625	1.410473e-06
-0.8984375	1.477495e-06
-0.8828125	1.404341e-06
-0.8671875	1.124264e-06
-0.8515625	5.509777e-07
-0.8359375	-4.079227e-07
-0.8203125	-1.877774e-06
-0.8046875	-3.925972e-06
-0.7890625	-6.682019e-06
-0.7734375	-0.000441547
-0.7578125	-0.0003829883
-0.7421875	-0.0003830013
-0.7265625	-0.000373044
-0.7109375	-0.0003633247
-0.6953125	-0.0003536597
-0.6796875	-0.0003442662
-0.6640625	-0.0003352
-0.6484375	-0.000326446
-0.6328125	-0.0003179441
-0.6171875	-0.0003096412
-0.6015625	-0.0003014943
-0.5859375	-0.0002934643
-0.5703125	-0.0002855305
-0.5546875	-0.0002776679
-0.5390625	-0.0002698669
-0.5234375	-0.0002621124
-0.5078125	-0.0002544002
-0.4921875	-0.0002467193
-0.4765625	-0.0002390682
-0.4609375	-0.0002314388
-0.4453125	-0.0002238314
-0.4296875	-0.0002162385
-0.4140625	-0.0002086614
-0.3984375	-0.0002010941
-0.3828125	-0.0001935385
-0.3671875	-0.0001859887
-0.3515625	-0.0001784469
-0.3359375	-0.0001709083
-0.3203125	-0.0001633758
-0.3046875	-0.0001558439
-0.2890625	-0.0001483159
-0.2734375	-0.0001407874
-0.2578125	-0.0001332618
-0.2421875	-0.0001257344
-0.2265625	-0.0001182088
-0.2109375	-0.0001106811
-0.1953125	-0.0001031552
-0.1796875	-9.562673e-05
-0.1640625	-8.809966e-05
-0.1484375	-8.057043e-05
-0.1328125	-7.304331e-05
-0.1171875	-6.551419e-05
-0.1015625	-5.798729e-05
-0.0859375	-5.045936e-05
-0.0703125	-4.293485e-05
-0.0546875	-3.540984e-05
-0.0390625	-2.788876e-05
-0.0234375	-2.036844e-05
-0.0078125	-1.28535e-05
0.0078125	-5.340098e-06
0.0234375	2.167328e-06
0.0390625	9.671855e-06
0.0546875	1.71689e-05
0.0703125	2.466237e-05
0.0859375	3.214782e-05
0.1015625	3.962849e-05
0.1171875	4.709986e-05
0.1328125	5.456599e-05
0.1484375	6.202268e-05
0.1640625	6.94733e-05
0.1796875	7.69136e-05
0.1953125	8.43479e-05
0.2109375	9.177226e-05
0.2265625	9.919039e-05
0.2421875	0.0001065984
0.2578125	0.0001140008
0.2734375	0.0001213943
0.2890625	0.0001287829
0.3046875	0.0001361631
0.3203125	0.0001435401
0.3359375	0.0001509108
0.3515625	0.0001582801
0.3671875	0.0001656449
0.3828125	0.0001730111
0.3984375	0.0001803765
0.4140625	0.0001877466
0.4296875	0.0001951194
0.4453125	0.0002025018
0.4609375	0.000209893
0.4765625	0.0002172999
0.4921875	0.0002247222
0.5078125	0.0002321694
0.5234375	0.0002396433
0.5390625	0.0002471546
0.5546875	0.0002547084
0.5703125	0.0002623205
0.5859375	0.000270003
0.6015625	0.0002777791
0.6171875	0.000285674
0.6328125	0.0002937287
0.6484375	0.0003019858
0.6640625	0.0003105137
0.6796875	0.0003193578
0.6953125	0.0003285688
0.7109375	0.0003380907
0.7265625	0.0003476959
0.7421875	0.0003576753
0.7578125	0.000404988
0.7734375	0.0004636719
0.7890625	7.615564e-06
0.8046875	5.359329e-06
0.8203125	3.524734e-06
0.8359375	2.138732e-06
0.8515625	1.143287e-06
0.8671875	4.803568e-07
0.8828125	6.384199e-08
0.8984375	-1.728346e-07
0.9140625	-2.838349e-07
0.9296875	-3.115814e-07
0.9453125	-2.827934e-07
0.9609375	-2.161794e-07
0.9765625	-1.2913e-07
0.9921875	-2.245657e-08
