-0.9921875	-2.248431e-07
-0.9765625	-6.720559e-07
-0.9609375	-1.121869e-06
-0.9453125	-1.610428e-06
-0.9296875	-2.234371e-06
-0.9140625	-3.19506e-06
-0.8984375	-4.863588e-06
-0.8828125	-7.85719e-06
-0.8671875	-1.309661e-05
-0.8515625	-2.175731e-05
-0.8359375	-3.500924e-05
-0.8203125	-5.34011e-05
-0.8046875	-7.587352e-05
-0.7890625	-9.848679e-05
-0.7734375	-0.0001130761
-0.7578125	-0.0001050008
-0.7421875	-0.0005175774
-0.7265625	-0.0005166436
-0.7109375	-0.0005218881
-0.6953125	-0.0005285438
-0.6796875	-0.0005333668
-0.6640625	-0.0005345563
-0.6484375	-0.0005316632
-0.6328125	-0.000525174
-0.6171875	-0.0005159859
-0.6015625	-0.0005050137
-0.5859375	-0.000492982
-0.5703125	-0.0004803798
-0.5546875	-0.0004674985
-0.5390625	-0.0004544933
-0.5234375	-0.0004414402
-0.5078125	-0.0004283718
-0.4921875	-0.0004153016
-0.4765625	-0.0004022335
-0.4609375	-0.0003891687
-0.4453125	-0.0003761067
-0.4296875	-0.0003630474
-0.4140625	-0.00034999
-0.3984375	-0.0003369345
-0.3828125	-0.0003238803
-0.3671875	-0.0003108274
-0.3515625	-0.0002977754
-0.3359375	-0.0002847245
-0.3203125	-0.0002716742
-0.3046875	-0.0002586249
-0.2890625	-0.0002455761
-0.2734375	-0.0002325281
-0.2578125	-0.0002194805
-0.2421875	-0.0002064336
-0.2265625	-0.0001933871
-0.2109375	-0.0001803411
-0.1953125	-0.0001672955
-0.1796875	-0.0001542505
-0.1640625	-0.0001412056
-0.1484375	-0.0001281613
-0.1328125	-0.0001151172
-0.1171875	-0.0001020735
-0.1015625	-8.902992e-05
-0.0859375	-7.598675e-05
-0.0703125	-6.294363e-05
-0.0546875	-4.990084e-05
-0.0390625	-3.685804e-05
-0.0234375	-2.38155e-05
-0.0078125	-1.077288e-05
0.0078125	2.26955e-06
0.0234375	1.531214e-05
0.0390625	2.835463e-05
0.0546875	4.139737e-05
0.0703125	5.44401e-05
0.0859375	6.748317e-05
0.1015625	8.052632e-05
0.1171875	9.356992e-05
0.1328125	0.0001066137
0.1484375	0.0001196581
0.1640625	0.0001327027
0.1796875	0.0001457481
0.1953125	0.0001587939
0.2109375	0.0001718406
0.2265625	0.0001848878
0.2421875	0.000197936
0.2578125	0.000210985
0.2734375	0.0002240352
0.2890625	0.0002370862
0.3046875	0.0002501387
0.3203125	0.0002631923
0.3359375	0.0002762475
0.3515625	0.0002893041
0.3671875	0.0003023626
0.3828125	0.0003154227
0.3984375	0.0003284851
0.4140625	0.0003415494
0.4296875	0.0003546163
0.4453125	0.0003676857
0.4609375	0.000380758
0.4765625	0.0003938331
0.4921875	0.000406911
0.5078125	0.0004199903
0.5234375	0.0004330676
0.5390625	0.0004461326
0.5546875	0.0004591622
0.5703125	0.0004721052
0.5859375	0.0004848622
0.6015625	0.0004972594
0.6171875	0.0005090378
0.6328125	0.000519894
0.6484375	0.0005296457
0.6640625	0.0005385823
0.6796875	0.000548004
0.6953125	0.0005607377
0.7109375	0.0005811214
0.7265625	0.0006137988
0.7421875	0.0006611807
0.7578125	0.0005828562
0.7734375	0.0003874904
0.7890625	0.0002109854
0.8046875	4.289179e-05
0.8203125	3.727015e-05
0.8359375	2.618559e-05
0.8515625	1.569794e-05
0.8671875	8.067283e-06
0.8828125	3.401546e-06
0.8984375	9.496619e-07
0.9140625	-1.360876e-07
0.9296875	-4.961911e-07
0.9453125	-5.199501e-07
0.9609375	-4.089029e-07
0.9765625	-2.526812e-07
0.9921875	-8.480307e-08
